

 The input file has been read successfully 
 Number of elements:                1
 Number of nodes:                   8
 Number of constraints:             0
 Total no. degrees of freedom:     24
   0.0000000000000000        0.0000000000000000        0.0000000000000000        0.0000000000000000        0.0000000000000000        0.0000000000000000     
   0.0000000000000000        0.0000000000000000        0.0000000000000000        0.0000000000000000        0.0000000000000000        0.0000000000000000     
   0.0000000000000000        0.0000000000000000        0.0000000000000000        0.0000000000000000        0.0000000000000000        0.0000000000000000     
   0.0000000000000000        0.0000000000000000        0.0000000000000000        0.0000000000000000        0.0000000000000000        0.0000000000000000     
   0.0000000000000000        0.0000000000000000        0.0000000000000000        0.0000000000000000        0.0000000000000000        0.0000000000000000     
   0.0000000000000000        0.0000000000000000        0.0000000000000000        0.0000000000000000        0.0000000000000000        0.0000000000000000     
   0.0000000000000000        0.0000000000000000        0.0000000000000000        0.0000000000000000        0.0000000000000000        0.0000000000000000     
   0.0000000000000000        0.0000000000000000        0.0000000000000000        0.0000000000000000        0.0000000000000000        0.0000000000000000     
  -2.7764484088480112E-009  -2.3617757955759932E-009  -2.3617757955759932E-009  -2.0733630663600907E-010  -2.0733630663600907E-010   0.0000000000000000     
  -2.7764480554320927E-009  -2.3617759722839525E-009  -2.3617759722839525E-009  -5.5555526628706214E-011  -5.5555526628706214E-011   0.0000000000000000     
  -2.5740741272277538E-009  -2.4629629363861226E-009  -2.4629629363861226E-009  -2.0733629830970891E-010  -5.5555595420815428E-011   0.0000000000000000     
  -2.5740744464043891E-009  -2.4629627767978051E-009  -2.4629627767978051E-009  -5.5555834803291946E-011  -1.4886141533148111E-011   0.0000000000000000     
  -2.5740741272277538E-009  -2.4629629363861226E-009  -2.4629629363861226E-009  -5.5555595420815428E-011  -2.0733629830970891E-010   0.0000000000000000     
  -2.5740744464043891E-009  -2.4629627767978051E-009  -2.4629627767978051E-009  -1.4886141533148111E-011  -5.5555834803291946E-011   0.0000000000000000     
  -2.5198480722003811E-009  -2.4900759638998095E-009  -2.4900759638998095E-009  -5.5555508686020701E-011  -5.5555508686020701E-011   0.0000000000000000     
  -2.5198476794458259E-009  -2.4900761602770873E-009  -2.4900761602770873E-009  -1.4885759584369276E-011  -1.4885759584369276E-011   0.0000000000000000     

  Column            1  node            1  DOF            1
 Row    1 node    1 DOF    1 Stiffness     0.63794D+03 Numerical deriv     0.74846D+03
 Row    2 node    1 DOF    2 Stiffness     0.62597D+03 Numerical deriv     0.63426D+03
 Row    3 node    1 DOF    3 Stiffness     0.62597D+03 Numerical deriv     0.63426D+03
 Row    4 node    2 DOF    1 Stiffness    -0.62629D+03 Numerical deriv    -0.63735D+03
 Row    5 node    2 DOF    2 Stiffness     0.62015D+03 Numerical deriv     0.57870D+03
 Row    6 node    2 DOF    3 Stiffness     0.62015D+03 Numerical deriv     0.57870D+03
 Row    7 node    3 DOF    1 Stiffness    -0.62856D+03 Numerical deriv    -0.65895D+03
 Row    8 node    3 DOF    2 Stiffness    -0.62597D+03 Numerical deriv    -0.63426D+03
 Row    9 node    3 DOF    3 Stiffness     0.62257D+03 Numerical deriv     0.60185D+03
 Row   10 node    4 DOF    1 Stiffness     0.62565D+03 Numerical deriv     0.63117D+03
 Row   11 node    4 DOF    2 Stiffness    -0.62015D+03 Numerical deriv    -0.57870D+03
 Row   12 node    4 DOF    3 Stiffness     0.62549D+03 Numerical deriv     0.62963D+03
 Row   13 node    5 DOF    1 Stiffness     0.62565D+03 Numerical deriv     0.63117D+03
 Row   14 node    5 DOF    2 Stiffness     0.62549D+03 Numerical deriv     0.62963D+03
 Row   15 node    5 DOF    3 Stiffness    -0.62015D+03 Numerical deriv    -0.57870D+03
 Row   16 node    6 DOF    1 Stiffness    -0.62856D+03 Numerical deriv    -0.65895D+03
 Row   17 node    6 DOF    2 Stiffness     0.62257D+03 Numerical deriv     0.60185D+03
 Row   18 node    6 DOF    3 Stiffness    -0.62597D+03 Numerical deriv    -0.63426D+03
 Row   19 node    7 DOF    1 Stiffness    -0.62824D+03 Numerical deriv    -0.65586D+03
 Row   20 node    7 DOF    2 Stiffness    -0.62549D+03 Numerical deriv    -0.62963D+03
 Row   21 node    7 DOF    3 Stiffness    -0.62549D+03 Numerical deriv    -0.62963D+03
 Row   22 node    8 DOF    1 Stiffness     0.62241D+03 Numerical deriv     0.60031D+03
 Row   23 node    8 DOF    2 Stiffness    -0.62257D+03 Numerical deriv    -0.60185D+03
 Row   24 node    8 DOF    3 Stiffness    -0.62257D+03 Numerical deriv    -0.60185D+03
  -2.3617757955759932E-009  -2.7764484088480112E-009  -2.3617757955759932E-009  -2.0733630663600907E-010   0.0000000000000000       -2.0733630663600907E-010
  -2.4629629363861226E-009  -2.5740741272277538E-009  -2.4629629363861226E-009  -2.0733629830970891E-010   0.0000000000000000       -5.5555595420815428E-011
  -2.3617759722839525E-009  -2.7764480554320927E-009  -2.3617759722839525E-009  -5.5555526628706214E-011   0.0000000000000000       -5.5555526628706214E-011
  -2.4629627767978051E-009  -2.5740744464043891E-009  -2.4629627767978051E-009  -5.5555834803291946E-011   0.0000000000000000       -1.4886141533148111E-011
  -2.4629629363861226E-009  -2.5740741272277538E-009  -2.4629629363861226E-009  -5.5555595420815428E-011   0.0000000000000000       -2.0733629830970891E-010
  -2.4900759638998095E-009  -2.5198480722003811E-009  -2.4900759638998095E-009  -5.5555508686020701E-011   0.0000000000000000       -5.5555508686020701E-011
  -2.4629627767978051E-009  -2.5740744464043891E-009  -2.4629627767978051E-009  -1.4886141533148111E-011   0.0000000000000000       -5.5555834803291946E-011
  -2.4900761602770873E-009  -2.5198476794458259E-009  -2.4900761602770873E-009  -1.4885759584369276E-011   0.0000000000000000       -1.4885759584369276E-011

  Column            2  node            1  DOF            2
 Row    1 node    1 DOF    1 Stiffness     0.62597D+03 Numerical deriv     0.63426D+03
 Row    2 node    1 DOF    2 Stiffness     0.63794D+03 Numerical deriv     0.74846D+03
 Row    3 node    1 DOF    3 Stiffness     0.62597D+03 Numerical deriv     0.63426D+03
 Row    4 node    2 DOF    1 Stiffness    -0.62015D+03 Numerical deriv    -0.57870D+03
 Row    5 node    2 DOF    2 Stiffness     0.62565D+03 Numerical deriv     0.63117D+03
 Row    6 node    2 DOF    3 Stiffness     0.62549D+03 Numerical deriv     0.62963D+03
 Row    7 node    3 DOF    1 Stiffness    -0.62597D+03 Numerical deriv    -0.63426D+03
 Row    8 node    3 DOF    2 Stiffness    -0.62856D+03 Numerical deriv    -0.65895D+03
 Row    9 node    3 DOF    3 Stiffness     0.62257D+03 Numerical deriv     0.60185D+03
 Row   10 node    4 DOF    1 Stiffness     0.62015D+03 Numerical deriv     0.57870D+03
 Row   11 node    4 DOF    2 Stiffness    -0.62629D+03 Numerical deriv    -0.63735D+03
 Row   12 node    4 DOF    3 Stiffness     0.62015D+03 Numerical deriv     0.57870D+03
 Row   13 node    5 DOF    1 Stiffness     0.62549D+03 Numerical deriv     0.62963D+03
 Row   14 node    5 DOF    2 Stiffness     0.62565D+03 Numerical deriv     0.63117D+03
 Row   15 node    5 DOF    3 Stiffness    -0.62015D+03 Numerical deriv    -0.57870D+03
 Row   16 node    6 DOF    1 Stiffness    -0.62257D+03 Numerical deriv    -0.60185D+03
 Row   17 node    6 DOF    2 Stiffness     0.62241D+03 Numerical deriv     0.60031D+03
 Row   18 node    6 DOF    3 Stiffness    -0.62257D+03 Numerical deriv    -0.60185D+03
 Row   19 node    7 DOF    1 Stiffness    -0.62549D+03 Numerical deriv    -0.62963D+03
 Row   20 node    7 DOF    2 Stiffness    -0.62824D+03 Numerical deriv    -0.65586D+03
 Row   21 node    7 DOF    3 Stiffness    -0.62549D+03 Numerical deriv    -0.62963D+03
 Row   22 node    8 DOF    1 Stiffness     0.62257D+03 Numerical deriv     0.60185D+03
 Row   23 node    8 DOF    2 Stiffness    -0.62856D+03 Numerical deriv    -0.65895D+03
 Row   24 node    8 DOF    3 Stiffness    -0.62597D+03 Numerical deriv    -0.63426D+03
  -2.3617757955759932E-009  -2.3617757955759932E-009  -2.7764484088480112E-009   0.0000000000000000       -2.0733630663600907E-010  -2.0733630663600907E-010
  -2.4629629363861226E-009  -2.4629629363861226E-009  -2.5740741272277538E-009   0.0000000000000000       -2.0733629830970891E-010  -5.5555595420815428E-011
  -2.4629629363861226E-009  -2.4629629363861226E-009  -2.5740741272277538E-009   0.0000000000000000       -5.5555595420815428E-011  -2.0733629830970891E-010
  -2.4900759638998095E-009  -2.4900759638998095E-009  -2.5198480722003811E-009   0.0000000000000000       -5.5555508686020701E-011  -5.5555508686020701E-011
  -2.3617759722839525E-009  -2.3617759722839525E-009  -2.7764480554320927E-009   0.0000000000000000       -5.5555526628706214E-011  -5.5555526628706214E-011
  -2.4629627767978051E-009  -2.4629627767978051E-009  -2.5740744464043891E-009   0.0000000000000000       -5.5555834803291946E-011  -1.4886141533148111E-011
  -2.4629627767978051E-009  -2.4629627767978051E-009  -2.5740744464043891E-009   0.0000000000000000       -1.4886141533148111E-011  -5.5555834803291946E-011
  -2.4900761602770873E-009  -2.4900761602770873E-009  -2.5198476794458259E-009   0.0000000000000000       -1.4885759584369276E-011  -1.4885759584369276E-011

  Column            3  node            1  DOF            3
 Row    1 node    1 DOF    1 Stiffness     0.62597D+03 Numerical deriv     0.63426D+03
 Row    2 node    1 DOF    2 Stiffness     0.62597D+03 Numerical deriv     0.63426D+03
 Row    3 node    1 DOF    3 Stiffness     0.63794D+03 Numerical deriv     0.74846D+03
 Row    4 node    2 DOF    1 Stiffness    -0.62015D+03 Numerical deriv    -0.57870D+03
 Row    5 node    2 DOF    2 Stiffness     0.62549D+03 Numerical deriv     0.62963D+03
 Row    6 node    2 DOF    3 Stiffness     0.62565D+03 Numerical deriv     0.63117D+03
 Row    7 node    3 DOF    1 Stiffness    -0.62257D+03 Numerical deriv    -0.60185D+03
 Row    8 node    3 DOF    2 Stiffness    -0.62257D+03 Numerical deriv    -0.60185D+03
 Row    9 node    3 DOF    3 Stiffness     0.62241D+03 Numerical deriv     0.60031D+03
 Row   10 node    4 DOF    1 Stiffness     0.62549D+03 Numerical deriv     0.62963D+03
 Row   11 node    4 DOF    2 Stiffness    -0.62015D+03 Numerical deriv    -0.57870D+03
 Row   12 node    4 DOF    3 Stiffness     0.62565D+03 Numerical deriv     0.63117D+03
 Row   13 node    5 DOF    1 Stiffness     0.62015D+03 Numerical deriv     0.57870D+03
 Row   14 node    5 DOF    2 Stiffness     0.62015D+03 Numerical deriv     0.57870D+03
 Row   15 node    5 DOF    3 Stiffness    -0.62629D+03 Numerical deriv    -0.63735D+03
 Row   16 node    6 DOF    1 Stiffness    -0.62597D+03 Numerical deriv    -0.63426D+03
 Row   17 node    6 DOF    2 Stiffness     0.62257D+03 Numerical deriv     0.60185D+03
 Row   18 node    6 DOF    3 Stiffness    -0.62856D+03 Numerical deriv    -0.65895D+03
 Row   19 node    7 DOF    1 Stiffness    -0.62549D+03 Numerical deriv    -0.62963D+03
 Row   20 node    7 DOF    2 Stiffness    -0.62549D+03 Numerical deriv    -0.62963D+03
 Row   21 node    7 DOF    3 Stiffness    -0.62824D+03 Numerical deriv    -0.65586D+03
 Row   22 node    8 DOF    1 Stiffness     0.62257D+03 Numerical deriv     0.60185D+03
 Row   23 node    8 DOF    2 Stiffness    -0.62597D+03 Numerical deriv    -0.63426D+03
 Row   24 node    8 DOF    3 Stiffness    -0.62856D+03 Numerical deriv    -0.65895D+03
   2.7764480554320927E-009   2.3617759722839525E-009   2.3617759722839525E-009  -5.5555526628706214E-011  -5.5555526628706214E-011   0.0000000000000000     
   2.7764484088480112E-009   2.3617757955759932E-009   2.3617757955759932E-009  -2.0733630663600907E-010  -2.0733630663600907E-010   0.0000000000000000     
   2.5740744464043891E-009   2.4629627767978051E-009   2.4629627767978051E-009  -5.5555834803291946E-011  -1.4886141533148111E-011   0.0000000000000000     
   2.5740741272277538E-009   2.4629629363861226E-009   2.4629629363861226E-009  -2.0733629830970891E-010  -5.5555595420815428E-011   0.0000000000000000     
   2.5740744464043891E-009   2.4629627767978051E-009   2.4629627767978051E-009  -1.4886141533148111E-011  -5.5555834803291946E-011   0.0000000000000000     
   2.5740741272277538E-009   2.4629629363861226E-009   2.4629629363861226E-009  -5.5555595420815428E-011  -2.0733629830970891E-010   0.0000000000000000     
   2.5198476794458259E-009   2.4900761602770873E-009   2.4900761602770873E-009  -1.4885759584369276E-011  -1.4885759584369276E-011   0.0000000000000000     
   2.5198480722003811E-009   2.4900759638998095E-009   2.4900759638998095E-009  -5.5555508686020701E-011  -5.5555508686020701E-011   0.0000000000000000     

  Column            4  node            2  DOF            1
 Row    1 node    1 DOF    1 Stiffness    -0.62629D+03 Numerical deriv    -0.63735D+03
 Row    2 node    1 DOF    2 Stiffness    -0.62015D+03 Numerical deriv    -0.57870D+03
 Row    3 node    1 DOF    3 Stiffness    -0.62015D+03 Numerical deriv    -0.57870D+03
 Row    4 node    2 DOF    1 Stiffness     0.63794D+03 Numerical deriv     0.74846D+03
 Row    5 node    2 DOF    2 Stiffness    -0.62597D+03 Numerical deriv    -0.63426D+03
 Row    6 node    2 DOF    3 Stiffness    -0.62597D+03 Numerical deriv    -0.63426D+03
 Row    7 node    3 DOF    1 Stiffness     0.62565D+03 Numerical deriv     0.63117D+03
 Row    8 node    3 DOF    2 Stiffness     0.62015D+03 Numerical deriv     0.57870D+03
 Row    9 node    3 DOF    3 Stiffness    -0.62549D+03 Numerical deriv    -0.62963D+03
 Row   10 node    4 DOF    1 Stiffness    -0.62856D+03 Numerical deriv    -0.65895D+03
 Row   11 node    4 DOF    2 Stiffness     0.62597D+03 Numerical deriv     0.63426D+03
 Row   12 node    4 DOF    3 Stiffness    -0.62257D+03 Numerical deriv    -0.60185D+03
 Row   13 node    5 DOF    1 Stiffness    -0.62856D+03 Numerical deriv    -0.65895D+03
 Row   14 node    5 DOF    2 Stiffness    -0.62257D+03 Numerical deriv    -0.60185D+03
 Row   15 node    5 DOF    3 Stiffness     0.62597D+03 Numerical deriv     0.63426D+03
 Row   16 node    6 DOF    1 Stiffness     0.62565D+03 Numerical deriv     0.63117D+03
 Row   17 node    6 DOF    2 Stiffness    -0.62549D+03 Numerical deriv    -0.62963D+03
 Row   18 node    6 DOF    3 Stiffness     0.62015D+03 Numerical deriv     0.57870D+03
 Row   19 node    7 DOF    1 Stiffness     0.62241D+03 Numerical deriv     0.60031D+03
 Row   20 node    7 DOF    2 Stiffness     0.62257D+03 Numerical deriv     0.60185D+03
 Row   21 node    7 DOF    3 Stiffness     0.62257D+03 Numerical deriv     0.60185D+03
 Row   22 node    8 DOF    1 Stiffness    -0.62824D+03 Numerical deriv    -0.65586D+03
 Row   23 node    8 DOF    2 Stiffness     0.62549D+03 Numerical deriv     0.62963D+03
 Row   24 node    8 DOF    3 Stiffness     0.62549D+03 Numerical deriv     0.62963D+03
  -2.4629629363861226E-009  -2.5740741272277538E-009  -2.4629629363861226E-009   2.0733629830970891E-010   0.0000000000000000       -5.5555595420815428E-011
  -2.3617757955759932E-009  -2.7764484088480112E-009  -2.3617757955759932E-009   2.0733630663600907E-010   0.0000000000000000       -2.0733630663600907E-010
  -2.4629627767978051E-009  -2.5740744464043891E-009  -2.4629627767978051E-009   5.5555834803291946E-011   0.0000000000000000       -1.4886141533148111E-011
  -2.3617759722839525E-009  -2.7764480554320927E-009  -2.3617759722839525E-009   5.5555526628706214E-011   0.0000000000000000       -5.5555526628706214E-011
  -2.4900759638998095E-009  -2.5198480722003811E-009  -2.4900759638998095E-009   5.5555508686020701E-011   0.0000000000000000       -5.5555508686020701E-011
  -2.4629629363861226E-009  -2.5740741272277538E-009  -2.4629629363861226E-009   5.5555595420815428E-011   0.0000000000000000       -2.0733629830970891E-010
  -2.4900761602770873E-009  -2.5198476794458259E-009  -2.4900761602770873E-009   1.4885759584369276E-011   0.0000000000000000       -1.4885759584369276E-011
  -2.4629627767978051E-009  -2.5740744464043891E-009  -2.4629627767978051E-009   1.4886141533148111E-011   0.0000000000000000       -5.5555834803291946E-011

  Column            5  node            2  DOF            2
 Row    1 node    1 DOF    1 Stiffness     0.62015D+03 Numerical deriv     0.57870D+03
 Row    2 node    1 DOF    2 Stiffness     0.62565D+03 Numerical deriv     0.63117D+03
 Row    3 node    1 DOF    3 Stiffness     0.62549D+03 Numerical deriv     0.62963D+03
 Row    4 node    2 DOF    1 Stiffness    -0.62597D+03 Numerical deriv    -0.63426D+03
 Row    5 node    2 DOF    2 Stiffness     0.63794D+03 Numerical deriv     0.74846D+03
 Row    6 node    2 DOF    3 Stiffness     0.62597D+03 Numerical deriv     0.63426D+03
 Row    7 node    3 DOF    1 Stiffness    -0.62015D+03 Numerical deriv    -0.57870D+03
 Row    8 node    3 DOF    2 Stiffness    -0.62629D+03 Numerical deriv    -0.63735D+03
 Row    9 node    3 DOF    3 Stiffness     0.62015D+03 Numerical deriv     0.57870D+03
 Row   10 node    4 DOF    1 Stiffness     0.62597D+03 Numerical deriv     0.63426D+03
 Row   11 node    4 DOF    2 Stiffness    -0.62856D+03 Numerical deriv    -0.65895D+03
 Row   12 node    4 DOF    3 Stiffness     0.62257D+03 Numerical deriv     0.60185D+03
 Row   13 node    5 DOF    1 Stiffness     0.62257D+03 Numerical deriv     0.60185D+03
 Row   14 node    5 DOF    2 Stiffness     0.62241D+03 Numerical deriv     0.60031D+03
 Row   15 node    5 DOF    3 Stiffness    -0.62257D+03 Numerical deriv    -0.60185D+03
 Row   16 node    6 DOF    1 Stiffness    -0.62549D+03 Numerical deriv    -0.62963D+03
 Row   17 node    6 DOF    2 Stiffness     0.62565D+03 Numerical deriv     0.63117D+03
 Row   18 node    6 DOF    3 Stiffness    -0.62015D+03 Numerical deriv    -0.57870D+03
 Row   19 node    7 DOF    1 Stiffness    -0.62257D+03 Numerical deriv    -0.60185D+03
 Row   20 node    7 DOF    2 Stiffness    -0.62856D+03 Numerical deriv    -0.65895D+03
 Row   21 node    7 DOF    3 Stiffness    -0.62597D+03 Numerical deriv    -0.63426D+03
 Row   22 node    8 DOF    1 Stiffness     0.62549D+03 Numerical deriv     0.62963D+03
 Row   23 node    8 DOF    2 Stiffness    -0.62824D+03 Numerical deriv    -0.65586D+03
 Row   24 node    8 DOF    3 Stiffness    -0.62549D+03 Numerical deriv    -0.62963D+03
  -2.4629629363861226E-009  -2.4629629363861226E-009  -2.5740741272277538E-009   0.0000000000000000        2.0733629830970891E-010  -5.5555595420815428E-011
  -2.3617757955759932E-009  -2.3617757955759932E-009  -2.7764484088480112E-009   0.0000000000000000        2.0733630663600907E-010  -2.0733630663600907E-010
  -2.4900759638998095E-009  -2.4900759638998095E-009  -2.5198480722003811E-009   0.0000000000000000        5.5555508686020701E-011  -5.5555508686020701E-011
  -2.4629629363861226E-009  -2.4629629363861226E-009  -2.5740741272277538E-009   0.0000000000000000        5.5555595420815428E-011  -2.0733629830970891E-010
  -2.4629627767978051E-009  -2.4629627767978051E-009  -2.5740744464043891E-009   0.0000000000000000        5.5555834803291946E-011  -1.4886141533148111E-011
  -2.3617759722839525E-009  -2.3617759722839525E-009  -2.7764480554320927E-009   0.0000000000000000        5.5555526628706214E-011  -5.5555526628706214E-011
  -2.4900761602770873E-009  -2.4900761602770873E-009  -2.5198476794458259E-009   0.0000000000000000        1.4885759584369276E-011  -1.4885759584369276E-011
  -2.4629627767978051E-009  -2.4629627767978051E-009  -2.5740744464043891E-009   0.0000000000000000        1.4886141533148111E-011  -5.5555834803291946E-011

  Column            6  node            2  DOF            3
 Row    1 node    1 DOF    1 Stiffness     0.62015D+03 Numerical deriv     0.57870D+03
 Row    2 node    1 DOF    2 Stiffness     0.62549D+03 Numerical deriv     0.62963D+03
 Row    3 node    1 DOF    3 Stiffness     0.62565D+03 Numerical deriv     0.63117D+03
 Row    4 node    2 DOF    1 Stiffness    -0.62597D+03 Numerical deriv    -0.63426D+03
 Row    5 node    2 DOF    2 Stiffness     0.62597D+03 Numerical deriv     0.63426D+03
 Row    6 node    2 DOF    3 Stiffness     0.63794D+03 Numerical deriv     0.74846D+03
 Row    7 node    3 DOF    1 Stiffness    -0.62549D+03 Numerical deriv    -0.62963D+03
 Row    8 node    3 DOF    2 Stiffness    -0.62015D+03 Numerical deriv    -0.57870D+03
 Row    9 node    3 DOF    3 Stiffness     0.62565D+03 Numerical deriv     0.63117D+03
 Row   10 node    4 DOF    1 Stiffness     0.62257D+03 Numerical deriv     0.60185D+03
 Row   11 node    4 DOF    2 Stiffness    -0.62257D+03 Numerical deriv    -0.60185D+03
 Row   12 node    4 DOF    3 Stiffness     0.62241D+03 Numerical deriv     0.60031D+03
 Row   13 node    5 DOF    1 Stiffness     0.62597D+03 Numerical deriv     0.63426D+03
 Row   14 node    5 DOF    2 Stiffness     0.62257D+03 Numerical deriv     0.60185D+03
 Row   15 node    5 DOF    3 Stiffness    -0.62856D+03 Numerical deriv    -0.65895D+03
 Row   16 node    6 DOF    1 Stiffness    -0.62015D+03 Numerical deriv    -0.57870D+03
 Row   17 node    6 DOF    2 Stiffness     0.62015D+03 Numerical deriv     0.57870D+03
 Row   18 node    6 DOF    3 Stiffness    -0.62629D+03 Numerical deriv    -0.63735D+03
 Row   19 node    7 DOF    1 Stiffness    -0.62257D+03 Numerical deriv    -0.60185D+03
 Row   20 node    7 DOF    2 Stiffness    -0.62597D+03 Numerical deriv    -0.63426D+03
 Row   21 node    7 DOF    3 Stiffness    -0.62856D+03 Numerical deriv    -0.65895D+03
 Row   22 node    8 DOF    1 Stiffness     0.62549D+03 Numerical deriv     0.62963D+03
 Row   23 node    8 DOF    2 Stiffness    -0.62549D+03 Numerical deriv    -0.62963D+03
 Row   24 node    8 DOF    3 Stiffness    -0.62824D+03 Numerical deriv    -0.65586D+03
   2.5740744464043891E-009   2.4629627767978051E-009   2.4629627767978051E-009   5.5555834803291946E-011  -1.4886141533148111E-011   0.0000000000000000     
   2.5740741272277538E-009   2.4629629363861226E-009   2.4629629363861226E-009   2.0733629830970891E-010  -5.5555595420815428E-011   0.0000000000000000     
   2.7764480554320927E-009   2.3617759722839525E-009   2.3617759722839525E-009   5.5555526628706214E-011  -5.5555526628706214E-011   0.0000000000000000     
   2.7764484088480112E-009   2.3617757955759932E-009   2.3617757955759932E-009   2.0733630663600907E-010  -2.0733630663600907E-010   0.0000000000000000     
   2.5198476794458259E-009   2.4900761602770873E-009   2.4900761602770873E-009   1.4885759584369276E-011  -1.4885759584369276E-011   0.0000000000000000     
   2.5198480722003811E-009   2.4900759638998095E-009   2.4900759638998095E-009   5.5555508686020701E-011  -5.5555508686020701E-011   0.0000000000000000     
   2.5740744464043891E-009   2.4629627767978051E-009   2.4629627767978051E-009   1.4886141533148111E-011  -5.5555834803291946E-011   0.0000000000000000     
   2.5740741272277538E-009   2.4629629363861226E-009   2.4629629363861226E-009   5.5555595420815428E-011  -2.0733629830970891E-010   0.0000000000000000     

  Column            7  node            3  DOF            1
 Row    1 node    1 DOF    1 Stiffness    -0.62856D+03 Numerical deriv    -0.65895D+03
 Row    2 node    1 DOF    2 Stiffness    -0.62597D+03 Numerical deriv    -0.63426D+03
 Row    3 node    1 DOF    3 Stiffness    -0.62257D+03 Numerical deriv    -0.60185D+03
 Row    4 node    2 DOF    1 Stiffness     0.62565D+03 Numerical deriv     0.63117D+03
 Row    5 node    2 DOF    2 Stiffness    -0.62015D+03 Numerical deriv    -0.57870D+03
 Row    6 node    2 DOF    3 Stiffness    -0.62549D+03 Numerical deriv    -0.62963D+03
 Row    7 node    3 DOF    1 Stiffness     0.63794D+03 Numerical deriv     0.74846D+03
 Row    8 node    3 DOF    2 Stiffness     0.62597D+03 Numerical deriv     0.63426D+03
 Row    9 node    3 DOF    3 Stiffness    -0.62597D+03 Numerical deriv    -0.63426D+03
 Row   10 node    4 DOF    1 Stiffness    -0.62629D+03 Numerical deriv    -0.63735D+03
 Row   11 node    4 DOF    2 Stiffness     0.62015D+03 Numerical deriv     0.57870D+03
 Row   12 node    4 DOF    3 Stiffness    -0.62015D+03 Numerical deriv    -0.57870D+03
 Row   13 node    5 DOF    1 Stiffness    -0.62824D+03 Numerical deriv    -0.65586D+03
 Row   14 node    5 DOF    2 Stiffness    -0.62549D+03 Numerical deriv    -0.62963D+03
 Row   15 node    5 DOF    3 Stiffness     0.62549D+03 Numerical deriv     0.62963D+03
 Row   16 node    6 DOF    1 Stiffness     0.62241D+03 Numerical deriv     0.60031D+03
 Row   17 node    6 DOF    2 Stiffness    -0.62257D+03 Numerical deriv    -0.60185D+03
 Row   18 node    6 DOF    3 Stiffness     0.62257D+03 Numerical deriv     0.60185D+03
 Row   19 node    7 DOF    1 Stiffness     0.62565D+03 Numerical deriv     0.63117D+03
 Row   20 node    7 DOF    2 Stiffness     0.62549D+03 Numerical deriv     0.62963D+03
 Row   21 node    7 DOF    3 Stiffness     0.62015D+03 Numerical deriv     0.57870D+03
 Row   22 node    8 DOF    1 Stiffness    -0.62856D+03 Numerical deriv    -0.65895D+03
 Row   23 node    8 DOF    2 Stiffness     0.62257D+03 Numerical deriv     0.60185D+03
 Row   24 node    8 DOF    3 Stiffness     0.62597D+03 Numerical deriv     0.63426D+03
   2.4629627767978051E-009   2.5740744464043891E-009   2.4629627767978051E-009   5.5555834803291946E-011   0.0000000000000000       -1.4886141533148111E-011
   2.3617759722839525E-009   2.7764480554320927E-009   2.3617759722839525E-009   5.5555526628706214E-011   0.0000000000000000       -5.5555526628706214E-011
   2.4629629363861226E-009   2.5740741272277538E-009   2.4629629363861226E-009   2.0733629830970891E-010   0.0000000000000000       -5.5555595420815428E-011
   2.3617757955759932E-009   2.7764484088480112E-009   2.3617757955759932E-009   2.0733630663600907E-010   0.0000000000000000       -2.0733630663600907E-010
   2.4900761602770873E-009   2.5198476794458259E-009   2.4900761602770873E-009   1.4885759584369276E-011   0.0000000000000000       -1.4885759584369276E-011
   2.4629627767978051E-009   2.5740744464043891E-009   2.4629627767978051E-009   1.4886141533148111E-011   0.0000000000000000       -5.5555834803291946E-011
   2.4900759638998095E-009   2.5198480722003811E-009   2.4900759638998095E-009   5.5555508686020701E-011   0.0000000000000000       -5.5555508686020701E-011
   2.4629629363861226E-009   2.5740741272277538E-009   2.4629629363861226E-009   5.5555595420815428E-011   0.0000000000000000       -2.0733629830970891E-010

  Column            8  node            3  DOF            2
 Row    1 node    1 DOF    1 Stiffness    -0.62597D+03 Numerical deriv    -0.63426D+03
 Row    2 node    1 DOF    2 Stiffness    -0.62856D+03 Numerical deriv    -0.65895D+03
 Row    3 node    1 DOF    3 Stiffness    -0.62257D+03 Numerical deriv    -0.60185D+03
 Row    4 node    2 DOF    1 Stiffness     0.62015D+03 Numerical deriv     0.57870D+03
 Row    5 node    2 DOF    2 Stiffness    -0.62629D+03 Numerical deriv    -0.63735D+03
 Row    6 node    2 DOF    3 Stiffness    -0.62015D+03 Numerical deriv    -0.57870D+03
 Row    7 node    3 DOF    1 Stiffness     0.62597D+03 Numerical deriv     0.63426D+03
 Row    8 node    3 DOF    2 Stiffness     0.63794D+03 Numerical deriv     0.74846D+03
 Row    9 node    3 DOF    3 Stiffness    -0.62597D+03 Numerical deriv    -0.63426D+03
 Row   10 node    4 DOF    1 Stiffness    -0.62015D+03 Numerical deriv    -0.57870D+03
 Row   11 node    4 DOF    2 Stiffness     0.62565D+03 Numerical deriv     0.63117D+03
 Row   12 node    4 DOF    3 Stiffness    -0.62549D+03 Numerical deriv    -0.62963D+03
 Row   13 node    5 DOF    1 Stiffness    -0.62549D+03 Numerical deriv    -0.62963D+03
 Row   14 node    5 DOF    2 Stiffness    -0.62824D+03 Numerical deriv    -0.65586D+03
 Row   15 node    5 DOF    3 Stiffness     0.62549D+03 Numerical deriv     0.62963D+03
 Row   16 node    6 DOF    1 Stiffness     0.62257D+03 Numerical deriv     0.60185D+03
 Row   17 node    6 DOF    2 Stiffness    -0.62856D+03 Numerical deriv    -0.65895D+03
 Row   18 node    6 DOF    3 Stiffness     0.62597D+03 Numerical deriv     0.63426D+03
 Row   19 node    7 DOF    1 Stiffness     0.62549D+03 Numerical deriv     0.62963D+03
 Row   20 node    7 DOF    2 Stiffness     0.62565D+03 Numerical deriv     0.63117D+03
 Row   21 node    7 DOF    3 Stiffness     0.62015D+03 Numerical deriv     0.57870D+03
 Row   22 node    8 DOF    1 Stiffness    -0.62257D+03 Numerical deriv    -0.60185D+03
 Row   23 node    8 DOF    2 Stiffness     0.62241D+03 Numerical deriv     0.60031D+03
 Row   24 node    8 DOF    3 Stiffness     0.62257D+03 Numerical deriv     0.60185D+03
  -2.4900759638998095E-009  -2.4900759638998095E-009  -2.5198480722003811E-009   0.0000000000000000        5.5555508686020701E-011   5.5555508686020701E-011
  -2.4629629363861226E-009  -2.4629629363861226E-009  -2.5740741272277538E-009   0.0000000000000000        5.5555595420815428E-011   2.0733629830970891E-010
  -2.4629629363861226E-009  -2.4629629363861226E-009  -2.5740741272277538E-009   0.0000000000000000        2.0733629830970891E-010   5.5555595420815428E-011
  -2.3617757955759932E-009  -2.3617757955759932E-009  -2.7764484088480112E-009   0.0000000000000000        2.0733630663600907E-010   2.0733630663600907E-010
  -2.4900761602770873E-009  -2.4900761602770873E-009  -2.5198476794458259E-009   0.0000000000000000        1.4885759584369276E-011   1.4885759584369276E-011
  -2.4629627767978051E-009  -2.4629627767978051E-009  -2.5740744464043891E-009   0.0000000000000000        1.4886141533148111E-011   5.5555834803291946E-011
  -2.4629627767978051E-009  -2.4629627767978051E-009  -2.5740744464043891E-009   0.0000000000000000        5.5555834803291946E-011   1.4886141533148111E-011
  -2.3617759722839525E-009  -2.3617759722839525E-009  -2.7764480554320927E-009   0.0000000000000000        5.5555526628706214E-011   5.5555526628706214E-011

  Column            9  node            3  DOF            3
 Row    1 node    1 DOF    1 Stiffness     0.62257D+03 Numerical deriv     0.60185D+03
 Row    2 node    1 DOF    2 Stiffness     0.62257D+03 Numerical deriv     0.60185D+03
 Row    3 node    1 DOF    3 Stiffness     0.62241D+03 Numerical deriv     0.60031D+03
 Row    4 node    2 DOF    1 Stiffness    -0.62549D+03 Numerical deriv    -0.62963D+03
 Row    5 node    2 DOF    2 Stiffness     0.62015D+03 Numerical deriv     0.57870D+03
 Row    6 node    2 DOF    3 Stiffness     0.62565D+03 Numerical deriv     0.63117D+03
 Row    7 node    3 DOF    1 Stiffness    -0.62597D+03 Numerical deriv    -0.63426D+03
 Row    8 node    3 DOF    2 Stiffness    -0.62597D+03 Numerical deriv    -0.63426D+03
 Row    9 node    3 DOF    3 Stiffness     0.63794D+03 Numerical deriv     0.74846D+03
 Row   10 node    4 DOF    1 Stiffness     0.62015D+03 Numerical deriv     0.57870D+03
 Row   11 node    4 DOF    2 Stiffness    -0.62549D+03 Numerical deriv    -0.62963D+03
 Row   12 node    4 DOF    3 Stiffness     0.62565D+03 Numerical deriv     0.63117D+03
 Row   13 node    5 DOF    1 Stiffness     0.62549D+03 Numerical deriv     0.62963D+03
 Row   14 node    5 DOF    2 Stiffness     0.62549D+03 Numerical deriv     0.62963D+03
 Row   15 node    5 DOF    3 Stiffness    -0.62824D+03 Numerical deriv    -0.65586D+03
 Row   16 node    6 DOF    1 Stiffness    -0.62257D+03 Numerical deriv    -0.60185D+03
 Row   17 node    6 DOF    2 Stiffness     0.62597D+03 Numerical deriv     0.63426D+03
 Row   18 node    6 DOF    3 Stiffness    -0.62856D+03 Numerical deriv    -0.65895D+03
 Row   19 node    7 DOF    1 Stiffness    -0.62015D+03 Numerical deriv    -0.57870D+03
 Row   20 node    7 DOF    2 Stiffness    -0.62015D+03 Numerical deriv    -0.57870D+03
 Row   21 node    7 DOF    3 Stiffness    -0.62629D+03 Numerical deriv    -0.63735D+03
 Row   22 node    8 DOF    1 Stiffness     0.62597D+03 Numerical deriv     0.63426D+03
 Row   23 node    8 DOF    2 Stiffness    -0.62257D+03 Numerical deriv    -0.60185D+03
 Row   24 node    8 DOF    3 Stiffness    -0.62856D+03 Numerical deriv    -0.65895D+03
  -2.5740741272277538E-009  -2.4629629363861226E-009  -2.4629629363861226E-009   2.0733629830970891E-010  -5.5555595420815428E-011   0.0000000000000000     
  -2.5740744464043891E-009  -2.4629627767978051E-009  -2.4629627767978051E-009   5.5555834803291946E-011  -1.4886141533148111E-011   0.0000000000000000     
  -2.7764484088480112E-009  -2.3617757955759932E-009  -2.3617757955759932E-009   2.0733630663600907E-010  -2.0733630663600907E-010   0.0000000000000000     
  -2.7764480554320927E-009  -2.3617759722839525E-009  -2.3617759722839525E-009   5.5555526628706214E-011  -5.5555526628706214E-011   0.0000000000000000     
  -2.5198480722003811E-009  -2.4900759638998095E-009  -2.4900759638998095E-009   5.5555508686020701E-011  -5.5555508686020701E-011   0.0000000000000000     
  -2.5198476794458259E-009  -2.4900761602770873E-009  -2.4900761602770873E-009   1.4885759584369276E-011  -1.4885759584369276E-011   0.0000000000000000     
  -2.5740741272277538E-009  -2.4629629363861226E-009  -2.4629629363861226E-009   5.5555595420815428E-011  -2.0733629830970891E-010   0.0000000000000000     
  -2.5740744464043891E-009  -2.4629627767978051E-009  -2.4629627767978051E-009   1.4886141533148111E-011  -5.5555834803291946E-011   0.0000000000000000     

  Column           10  node            4  DOF            1
 Row    1 node    1 DOF    1 Stiffness     0.62565D+03 Numerical deriv     0.63117D+03
 Row    2 node    1 DOF    2 Stiffness     0.62015D+03 Numerical deriv     0.57870D+03
 Row    3 node    1 DOF    3 Stiffness     0.62549D+03 Numerical deriv     0.62963D+03
 Row    4 node    2 DOF    1 Stiffness    -0.62856D+03 Numerical deriv    -0.65895D+03
 Row    5 node    2 DOF    2 Stiffness     0.62597D+03 Numerical deriv     0.63426D+03
 Row    6 node    2 DOF    3 Stiffness     0.62257D+03 Numerical deriv     0.60185D+03
 Row    7 node    3 DOF    1 Stiffness    -0.62629D+03 Numerical deriv    -0.63735D+03
 Row    8 node    3 DOF    2 Stiffness    -0.62015D+03 Numerical deriv    -0.57870D+03
 Row    9 node    3 DOF    3 Stiffness     0.62015D+03 Numerical deriv     0.57870D+03
 Row   10 node    4 DOF    1 Stiffness     0.63794D+03 Numerical deriv     0.74846D+03
 Row   11 node    4 DOF    2 Stiffness    -0.62597D+03 Numerical deriv    -0.63426D+03
 Row   12 node    4 DOF    3 Stiffness     0.62597D+03 Numerical deriv     0.63426D+03
 Row   13 node    5 DOF    1 Stiffness     0.62241D+03 Numerical deriv     0.60031D+03
 Row   14 node    5 DOF    2 Stiffness     0.62257D+03 Numerical deriv     0.60185D+03
 Row   15 node    5 DOF    3 Stiffness    -0.62257D+03 Numerical deriv    -0.60185D+03
 Row   16 node    6 DOF    1 Stiffness    -0.62824D+03 Numerical deriv    -0.65586D+03
 Row   17 node    6 DOF    2 Stiffness     0.62549D+03 Numerical deriv     0.62963D+03
 Row   18 node    6 DOF    3 Stiffness    -0.62549D+03 Numerical deriv    -0.62963D+03
 Row   19 node    7 DOF    1 Stiffness    -0.62856D+03 Numerical deriv    -0.65895D+03
 Row   20 node    7 DOF    2 Stiffness    -0.62257D+03 Numerical deriv    -0.60185D+03
 Row   21 node    7 DOF    3 Stiffness    -0.62597D+03 Numerical deriv    -0.63426D+03
 Row   22 node    8 DOF    1 Stiffness     0.62565D+03 Numerical deriv     0.63117D+03
 Row   23 node    8 DOF    2 Stiffness    -0.62549D+03 Numerical deriv    -0.62963D+03
 Row   24 node    8 DOF    3 Stiffness    -0.62015D+03 Numerical deriv    -0.57870D+03
   2.3617759722839525E-009   2.7764480554320927E-009   2.3617759722839525E-009  -5.5555526628706214E-011   0.0000000000000000       -5.5555526628706214E-011
   2.4629627767978051E-009   2.5740744464043891E-009   2.4629627767978051E-009  -5.5555834803291946E-011   0.0000000000000000       -1.4886141533148111E-011
   2.3617757955759932E-009   2.7764484088480112E-009   2.3617757955759932E-009  -2.0733630663600907E-010   0.0000000000000000       -2.0733630663600907E-010
   2.4629629363861226E-009   2.5740741272277538E-009   2.4629629363861226E-009  -2.0733629830970891E-010   0.0000000000000000       -5.5555595420815428E-011
   2.4629627767978051E-009   2.5740744464043891E-009   2.4629627767978051E-009  -1.4886141533148111E-011   0.0000000000000000       -5.5555834803291946E-011
   2.4900761602770873E-009   2.5198476794458259E-009   2.4900761602770873E-009  -1.4885759584369276E-011   0.0000000000000000       -1.4885759584369276E-011
   2.4629629363861226E-009   2.5740741272277538E-009   2.4629629363861226E-009  -5.5555595420815428E-011   0.0000000000000000       -2.0733629830970891E-010
   2.4900759638998095E-009   2.5198480722003811E-009   2.4900759638998095E-009  -5.5555508686020701E-011   0.0000000000000000       -5.5555508686020701E-011

  Column           11  node            4  DOF            2
 Row    1 node    1 DOF    1 Stiffness    -0.62015D+03 Numerical deriv    -0.57870D+03
 Row    2 node    1 DOF    2 Stiffness    -0.62629D+03 Numerical deriv    -0.63735D+03
 Row    3 node    1 DOF    3 Stiffness    -0.62015D+03 Numerical deriv    -0.57870D+03
 Row    4 node    2 DOF    1 Stiffness     0.62597D+03 Numerical deriv     0.63426D+03
 Row    5 node    2 DOF    2 Stiffness    -0.62856D+03 Numerical deriv    -0.65895D+03
 Row    6 node    2 DOF    3 Stiffness    -0.62257D+03 Numerical deriv    -0.60185D+03
 Row    7 node    3 DOF    1 Stiffness     0.62015D+03 Numerical deriv     0.57870D+03
 Row    8 node    3 DOF    2 Stiffness     0.62565D+03 Numerical deriv     0.63117D+03
 Row    9 node    3 DOF    3 Stiffness    -0.62549D+03 Numerical deriv    -0.62963D+03
 Row   10 node    4 DOF    1 Stiffness    -0.62597D+03 Numerical deriv    -0.63426D+03
 Row   11 node    4 DOF    2 Stiffness     0.63794D+03 Numerical deriv     0.74846D+03
 Row   12 node    4 DOF    3 Stiffness    -0.62597D+03 Numerical deriv    -0.63426D+03
 Row   13 node    5 DOF    1 Stiffness    -0.62257D+03 Numerical deriv    -0.60185D+03
 Row   14 node    5 DOF    2 Stiffness    -0.62856D+03 Numerical deriv    -0.65895D+03
 Row   15 node    5 DOF    3 Stiffness     0.62597D+03 Numerical deriv     0.63426D+03
 Row   16 node    6 DOF    1 Stiffness     0.62549D+03 Numerical deriv     0.62963D+03
 Row   17 node    6 DOF    2 Stiffness    -0.62824D+03 Numerical deriv    -0.65586D+03
 Row   18 node    6 DOF    3 Stiffness     0.62549D+03 Numerical deriv     0.62963D+03
 Row   19 node    7 DOF    1 Stiffness     0.62257D+03 Numerical deriv     0.60185D+03
 Row   20 node    7 DOF    2 Stiffness     0.62241D+03 Numerical deriv     0.60031D+03
 Row   21 node    7 DOF    3 Stiffness     0.62257D+03 Numerical deriv     0.60185D+03
 Row   22 node    8 DOF    1 Stiffness    -0.62549D+03 Numerical deriv    -0.62963D+03
 Row   23 node    8 DOF    2 Stiffness     0.62565D+03 Numerical deriv     0.63117D+03
 Row   24 node    8 DOF    3 Stiffness     0.62015D+03 Numerical deriv     0.57870D+03
  -2.4629629363861226E-009  -2.4629629363861226E-009  -2.5740741272277538E-009   0.0000000000000000       -5.5555595420815428E-011   2.0733629830970891E-010
  -2.4900759638998095E-009  -2.4900759638998095E-009  -2.5198480722003811E-009   0.0000000000000000       -5.5555508686020701E-011   5.5555508686020701E-011
  -2.3617757955759932E-009  -2.3617757955759932E-009  -2.7764484088480112E-009   0.0000000000000000       -2.0733630663600907E-010   2.0733630663600907E-010
  -2.4629629363861226E-009  -2.4629629363861226E-009  -2.5740741272277538E-009   0.0000000000000000       -2.0733629830970891E-010   5.5555595420815428E-011
